precision = 0.9488379869587026
recall = 0.9547442799461642
f1 = 0.9517819706498952
loss = 0.037606120331877047
